355 2783
0 11 50
0 17 50
0 27 50
0 29 50
0 41 50
0 45 50
0 46 50
0 53 50
0 65 50
0 67 50
0 71 50
0 73 50
0 76 50
0 80 50
0 96 50
0 101 50
0 111 50
0 112 50
0 119 50
0 134 50
0 141 50
0 142 50
0 147 50
0 153 50
0 155 50
0 174 50
0 184 50
0 186 50
0 188 50
0 189 50
0 201 50
0 202 50
0 206 50
0 212 50
0 217 50
0 226 50
0 232 50
0 242 50
0 256 50
0 267 50
0 289 50
0 293 50
0 297 50
0 304 50
0 308 50
0 319 50
0 320 50
0 322 50
0 326 50
0 333 50
0 349 50
0 352 50
1 132 50
1 298 50
1 338 50
2 81 50
2 129 50
2 221 50
2 288 50
2 303 50
2 319 50
3 25 50
3 296 50
4 8 50
4 33 50
4 67 50
4 71 50
4 77 50
4 78 50
4 85 50
4 90 50
4 91 50
4 106 50
4 114 50
4 126 50
4 150 50
4 157 50
4 161 50
4 171 50
4 181 50
4 192 50
4 203 50
4 208 50
4 211 50
4 212 50
4 221 50
4 243 50
4 248 50
4 252 50
4 268 50
4 274 50
4 282 50
4 286 50
4 287 50
4 306 50
4 308 50
4 310 50
4 311 50
4 320 50
4 323 50
4 347 50
5 84 50
5 105 25
5 116 50
5 167 50
5 227 50
5 237 50
6 178 25
6 183 50
6 203 50
6 268 50
7 12 50
7 13 50
7 20 50
7 37 50
7 45 50
7 48 50
7 54 50
7 70 50
7 83 50
7 98 50
7 117 50
7 125 50
7 126 50
7 154 50
7 157 50
7 159 50
7 213 50
7 223 50
7 239 50
7 257 50
7 259 50
7 264 50
7 277 50
7 278 50
7 287 50
7 294 50
7 300 50
7 325 50
7 333 50
7 335 50
8 33 50
8 67 50
8 71 50
8 77 50
8 78 50
8 85 50
8 90 50
8 91 50
8 106 50
8 114 50
8 126 50
8 150 50
8 157 50
8 161 50
8 171 50
8 181 50
8 192 50
8 203 50
8 208 50
8 211 50
8 212 50
8 221 50
8 243 50
8 248 50
8 252 50
8 268 50
8 274 50
8 282 50
8 286 50
8 287 50
8 306 50
8 308 50
8 310 50
8 311 50
8 320 50
8 323 50
8 347 50
9 128 50
9 140 50
9 164 50
9 165 50
9 190 50
9 233 50
9 261 50
9 292 50
9 330 50
10 18 50
10 22 50
10 47 50
10 53 50
10 118 50
10 170 50
10 171 50
10 206 50
10 255 50
10 261 50
10 285 50
11 17 50
11 27 50
11 29 50
11 41 50
11 47 50
11 53 50
11 73 50
11 76 50
11 80 50
11 82 50
11 101 50
11 120 50
11 134 50
11 142 50
11 147 50
11 153 50
11 154 50
11 155 50
11 186 50
11 188 50
11 206 50
11 215 50
11 217 50
11 226 50
11 227 50
11 259 50
11 267 50
11 277 50
11 291 50
11 304 50
11 305 50
11 319 50
11 322 50
11 328 50
11 330 50
11 333 50
11 349 50
11 352 50
12 13 50
12 20 50
12 37 50
12 45 50
12 48 50
12 54 50
12 70 50
12 83 50
12 98 50
12 117 50
12 125 50
12 126 50
12 154 50
12 157 50
12 159 50
12 213 50
12 223 50
12 239 50
12 257 50
12 259 50
12 264 50
12 265 50
12 277 50
12 278 50
12 287 50
12 294 50
12 300 50
12 325 50
12 333 50
12 335 50
12 338 50
13 20 50
13 29 50
13 37 50
13 45 50
13 48 50
13 54 50
13 70 50
13 83 50
13 98 50
13 117 50
13 125 50
13 126 50
13 154 50
13 157 50
13 159 50
13 213 50
13 223 50
13 239 50
13 257 50
13 259 50
13 264 50
13 277 50
13 278 50
13 287 50
13 294 50
13 300 50
13 325 50
13 333 50
13 335 50
14 34 50
14 45 50
14 57 50
14 68 50
14 95 50
14 99 50
14 145 50
14 194 50
14 234 50
15 23 50
15 25 50
15 69 50
15 74 50
15 75 50
15 82 50
15 85 50
15 86 50
15 127 50
15 139 50
15 173 50
15 191 50
15 207 50
15 222 50
15 269 50
15 280 50
15 309 50
15 323 50
15 347 50
16 44 25
16 50 25
16 69 50
16 114 50
16 122 50
16 307 50
16 341 50
17 27 50
17 29 50
17 41 50
17 53 50
17 73 50
17 76 50
17 80 50
17 94 50
17 101 50
17 134 25
17 142 50
17 147 50
17 153 50
17 155 50
17 186 50
17 188 50
17 206 50
17 217 50
17 226 50
17 267 50
17 304 50
17 319 50
17 322 50
17 333 50
17 349 50
17 352 50
18 53 50
18 118 50
18 206 50
18 261 50
18 276 50
18 302 50
19 99 50
19 160 50
19 204 50
19 279 50
19 334 50
19 336 50
20 37 50
20 45 50
20 48 50
20 54 50
20 70 50
20 83 50
20 98 50
20 117 50
20 125 50
20 126 50
20 154 50
20 157 50
20 159 50
20 213 50
20 223 50
20 239 50
20 257 50
20 259 50
20 264 50
20 277 50
20 278 50
20 287 50
20 294 50
20 300 50
20 325 50
20 333 50
20 335 50
21 24 50
21 48 50
21 64 50
21 137 50
21 144 50
21 154 50
21 158 50
21 182 50
21 240 50
21 245 50
21 249 50
21 259 50
21 292 50
21 351 50
22 47 50
22 170 50
22 251 50
22 285 50
23 25 50
23 69 50
23 74 50
23 75 50
23 82 50
23 85 50
23 86 50
23 127 25
23 139 50
23 141 50
23 173 50
23 191 50
23 222 50
23 265 50
23 269 50
23 280 50
23 309 50
23 323 50
23 332 50
23 347 50
23 353 50
24 48 50
24 64 50
24 137 50
24 144 50
24 154 50
24 158 50
24 182 50
24 240 50
24 245 50
24 249 50
24 259 50
24 292 50
24 351 50
25 69 50
25 74 50
25 75 50
25 82 50
25 85 50
25 86 50
25 127 50
25 139 50
25 173 50
25 191 50
25 222 50
25 269 50
25 280 50
25 281 50
25 296 50
25 309 50
25 323 50
25 347 50
26 163 50
26 238 50
26 307 50
27 29 50
27 41 50
27 53 50
27 73 50
27 76 50
27 80 50
27 101 50
27 134 50
27 142 50
27 147 50
27 153 50
27 155 50
27 186 50
27 188 50
27 206 50
27 217 50
27 226 50
27 267 50
27 304 50
27 319 50
27 322 50
27 333 50
27 349 50
27 352 50
28 47 50
28 146 50
29 41 50
29 53 50
29 73 50
29 76 50
29 80 50
29 101 50
29 134 50
29 142 50
29 147 50
29 153 50
29 155 50
29 186 50
29 188 50
29 206 50
29 217 50
29 226 50
29 267 50
29 304 50
29 319 50
29 322 25
29 333 50
29 349 50
29 352 50
30 93 50
30 305 50
31 36 50
31 37 50
31 63 50
31 170 50
32 49 50
32 130 50
32 131 50
32 264 50
32 293 50
33 67 50
33 71 50
33 77 50
33 78 50
33 85 50
33 90 50
33 91 50
33 106 50
33 114 50
33 126 50
33 150 50
33 157 50
33 161 50
33 171 50
33 181 50
33 192 50
33 203 50
33 208 50
33 211 50
33 212 50
33 221 50
33 243 50
33 248 50
33 252 50
33 268 50
33 274 50
33 282 50
33 286 50
33 287 50
33 306 50
33 308 50
33 310 50
33 311 50
33 320 50
33 323 50
33 340 50
33 347 50
34 57 50
34 95 50
34 99 50
34 194 50
35 102 50
35 172 50
35 301 50
36 63 50
36 170 50
37 45 50
37 48 50
37 54 50
37 70 50
37 83 50
37 98 50
37 108 50
37 117 50
37 125 50
37 126 50
37 154 50
37 157 50
37 159 50
37 168 50
37 213 50
37 223 50
37 239 50
37 257 50
37 259 50
37 264 50
37 277 50
37 278 50
37 284 50
37 287 50
37 294 50
37 300 50
37 325 50
37 333 50
37 335 50
37 348 50
38 93 50
38 97 50
38 123 50
38 148 50
38 197 50
38 202 50
38 253 50
38 315 50
38 350 50
39 56 50
40 90 50
40 110 50
40 270 50
40 309 50
41 53 50
41 73 50
41 76 50
41 80 50
41 101 50
41 134 50
41 142 50
41 147 50
41 153 50
41 155 50
41 186 50
41 188 50
41 206 50
41 211 50
41 217 50
41 226 50
41 267 50
41 304 50
41 318 50
41 319 50
41 322 50
41 333 50
41 349 50
41 352 50
42 88 50
42 215 50
43 119 50
43 143 50
43 256 50
44 50 50
44 69 50
44 114 50
44 122 50
45 46 50
45 48 50
45 54 50
45 65 50
45 67 50
45 68 50
45 70 50
45 71 50
45 83 50
45 96 50
45 98 50
45 111 50
45 112 50
45 117 50
45 119 50
45 125 50
45 126 50
45 141 50
45 145 50
45 154 50
45 157 50
45 159 50
45 174 50
45 184 50
45 189 50
45 201 50
45 202 50
45 212 50
45 213 50
45 223 50
45 232 50
45 234 50
45 239 50
45 242 50
45 256 50
45 257 50
45 259 50
45 264 50
45 277 50
45 278 50
45 287 50
45 289 50
45 293 50
45 294 50
45 297 50
45 300 50
45 308 50
45 320 50
45 325 50
45 333 50
45 335 50
46 65 50
46 67 50
46 71 50
46 96 50
46 111 50
46 112 50
46 119 50
46 141 50
46 174 50
46 184 50
46 189 50
46 201 50
46 202 50
46 212 50
46 213 50
46 232 50
46 242 50
46 256 50
46 289 50
46 293 50
46 297 50
46 308 50
46 320 50
47 53 50
47 120 50
47 146 50
47 151 50
47 170 50
47 215 50
47 227 50
47 285 50
47 330 50
48 54 50
48 64 50
48 70 50
48 83 50
48 98 50
48 117 50
48 125 50
48 126 50
48 137 50
48 144 50
48 154 25
48 157 50
48 158 50
48 159 50
48 182 50
48 213 50
48 223 50
48 239 50
48 240 50
48 245 50
48 249 50
48 257 50
48 259 25
48 264 50
48 277 50
48 278 50
48 287 50
48 292 50
48 294 50
48 300 50
48 325 50
48 333 50
48 335 50
48 351 50
49 99 50
49 130 50
49 131 50
49 190 50
49 264 50
49 293 50
49 295 50
49 328 50
50 69 50
50 114 50
50 122 50
50 307 50
50 341 50
51 223 50
51 332 50
52 257 50
53 73 50
53 76 50
53 80 50
53 101 50
53 115 50
53 118 50
53 134 50
53 142 50
53 147 50
53 151 50
53 153 50
53 155 50
53 186 50
53 188 50
53 206 25
53 217 25
53 226 50
53 235 50
53 261 50
53 267 50
53 304 50
53 319 50
53 322 50
53 331 50
53 333 50
53 349 50
53 352 50
54 70 50
54 83 50
54 98 50
54 117 50
54 125 50
54 126 50
54 149 50
54 154 50
54 157 50
54 159 50
54 213 25
54 223 50
54 239 50
54 257 50
54 259 50
54 264 50
54 277 50
54 278 50
54 287 50
54 294 50
54 300 50
54 325 50
54 333 50
54 335 50
55 216 50
55 318 50
56 314 50
57 95 50
57 99 50
57 194 50
58 234 50
58 262 50
58 271 50
58 333 50
59 264 50
60 104 25
60 139 50
61 154 50
61 195 50
61 259 50
62 87 50
62 133 50
62 156 50
62 169 50
62 218 50
62 221 50
62 285 50
62 305 50
62 314 50
62 339 16
62 340 50
62 346 50
63 170 50
63 188 50
64 137 50
64 144 50
64 154 50
64 158 50
64 182 50
64 240 50
64 245 50
64 249 50
64 259 50
64 292 50
64 351 50
65 67 50
65 71 50
65 74 50
65 96 50
65 111 50
65 112 50
65 119 50
65 141 50
65 174 50
65 184 50
65 189 50
65 201 50
65 202 50
65 212 50
65 232 50
65 242 50
65 256 50
65 289 50
65 293 50
65 297 50
65 308 50
65 320 50
66 77 50
66 86 50
66 155 50
66 171 50
66 179 50
66 212 50
66 219 50
66 263 50
66 269 50
66 274 50
67 71 25
67 77 50
67 78 50
67 85 50
67 90 50
67 91 50
67 96 50
67 106 50
67 111 50
67 112 50
67 114 50
67 119 50
67 126 50
67 141 50
67 150 50
67 157 50
67 161 50
67 171 50
67 174 50
67 181 50
67 184 50
67 189 50
67 192 50
67 201 50
67 202 50
67 203 50
67 208 50
67 211 50
67 212 25
67 221 50
67 232 50
67 242 50
67 243 50
67 248 50
67 252 50
67 256 50
67 268 50
67 274 50
67 282 50
67 286 50
67 287 50
67 289 50
67 293 50
67 297 50
67 306 50
67 308 25
67 310 50
67 311 50
67 320 25
67 323 50
67 347 50
68 145 50
68 234 50
68 327 50
69 74 50
69 75 50
69 82 50
69 85 50
69 86 50
69 114 50
69 122 50
69 127 50
69 139 50
69 173 50
69 191 50
69 222 50
69 269 50
69 280 50
69 309 25
69 323 50
69 333 50
69 347 50
70 83 50
70 98 50
70 117 50
70 125 50
70 126 50
70 154 50
70 157 50
70 159 50
70 213 50
70 223 50
70 239 50
70 257 50
70 259 50
70 264 50
70 277 50
70 278 50
70 287 50
70 294 50
70 300 50
70 325 50
70 333 50
70 335 50
71 76 50
71 77 50
71 78 50
71 85 50
71 90 50
71 91 50
71 96 50
71 106 50
71 111 50
71 112 50
71 114 50
71 119 50
71 126 50
71 139 50
71 141 50
71 150 50
71 157 50
71 161 50
71 171 50
71 174 50
71 180 50
71 181 50
71 184 50
71 189 50
71 192 50
71 193 50
71 201 50
71 202 50
71 203 50
71 208 50
71 211 50
71 212 25
71 221 50
71 232 50
71 242 50
71 243 50
71 247 50
71 248 50
71 252 50
71 256 50
71 268 50
71 274 50
71 282 50
71 286 50
71 287 50
71 289 50
71 293 50
71 297 50
71 299 50
71 306 50
71 308 25
71 310 50
71 311 50
71 314 50
71 320 25
71 323 50
71 336 50
71 347 50
72 124 50
72 130 50
72 132 50
72 313 50
73 76 50
73 80 50
73 101 50
73 134 50
73 142 50
73 147 50
73 153 50
73 155 50
73 186 50
73 188 50
73 206 50
73 217 50
73 218 50
73 226 50
73 267 50
73 304 50
73 319 50
73 322 50
73 333 50
73 349 50
73 352 50
74 75 50
74 82 50
74 85 50
74 86 50
74 127 50
74 139 50
74 173 50
74 191 50
74 222 50
74 269 50
74 280 50
74 309 50
74 323 50
74 347 50
75 82 50
75 85 50
75 86 50
75 114 50
75 127 50
75 139 50
75 173 50
75 191 50
75 222 50
75 269 50
75 280 50
75 309 50
75 323 50
75 347 50
76 80 50
76 101 50
76 134 50
76 142 50
76 147 50
76 153 50
76 155 50
76 186 50
76 188 50
76 193 50
76 206 50
76 217 50
76 226 50
76 267 50
76 272 50
76 299 50
76 304 50
76 314 50
76 319 50
76 322 50
76 333 50
76 349 50
76 352 50
77 78 50
77 85 50
77 90 50
77 91 50
77 106 50
77 114 50
77 126 50
77 150 50
77 157 50
77 161 50
77 171 50
77 181 50
77 192 50
77 203 50
77 208 50
77 211 50
77 212 25
77 221 50
77 243 50
77 248 50
77 252 50
77 268 50
77 274 50
77 282 50
77 286 50
77 287 50
77 306 50
77 308 50
77 310 50
77 311 50
77 320 50
77 323 50
77 347 50
78 85 50
78 90 50
78 91 50
78 106 50
78 114 50
78 126 50
78 150 50
78 157 50
78 161 50
78 171 50
78 181 50
78 192 50
78 203 50
78 208 50
78 211 50
78 212 50
78 221 50
78 243 50
78 248 50
78 252 50
78 268 50
78 274 50
78 282 50
78 286 50
78 287 50
78 306 50
78 308 50
78 310 50
78 311 50
78 320 50
78 323 50
78 347 50
79 100 50
80 101 50
80 134 50
80 142 50
80 147 50
80 153 25
80 155 50
80 186 50
80 188 50
80 206 50
80 217 50
80 226 50
80 267 50
80 268 50
80 304 50
80 319 50
80 320 50
80 322 50
80 333 50
80 349 50
80 352 50
81 129 50
81 221 50
81 288 50
81 303 50
81 319 50
81 340 50
82 85 50
82 86 50
82 127 50
82 139 50
82 154 50
82 173 50
82 191 50
82 222 50
82 259 50
82 269 50
82 280 50
82 305 50
82 309 50
82 323 50
82 347 50
83 98 50
83 117 50
83 125 50
83 126 50
83 154 50
83 157 50
83 159 50
83 213 50
83 223 50
83 239 50
83 257 50
83 259 50
83 264 50
83 277 50
83 278 50
83 287 50
83 294 50
83 300 50
83 325 50
83 333 50
83 335 50
84 105 50
84 116 25
84 167 50
84 227 50
84 237 50
85 86 50
85 90 50
85 91 50
85 106 50
85 114 50
85 126 50
85 127 50
85 139 50
85 150 50
85 157 50
85 161 50
85 171 50
85 173 50
85 181 50
85 191 50
85 192 50
85 203 50
85 208 50
85 211 50
85 212 50
85 221 50
85 222 50
85 243 50
85 248 50
85 252 50
85 268 50
85 269 50
85 274 50
85 280 50
85 282 50
85 286 50
85 287 50
85 306 50
85 308 50
85 309 50
85 310 50
85 311 50
85 320 50
85 323 25
85 347 25
86 125 50
86 127 50
86 139 50
86 155 50
86 171 50
86 173 50
86 179 50
86 191 50
86 219 50
86 222 50
86 263 50
86 269 25
86 274 50
86 280 50
86 309 50
86 323 50
86 347 50
87 339 50
88 215 50
88 314 50
89 120 50
89 152 50
89 199 50
89 221 50
89 291 50
90 91 50
90 106 50
90 114 50
90 126 50
90 150 50
90 157 50
90 161 50
90 171 50
90 181 50
90 192 50
90 203 50
90 208 50
90 211 50
90 212 50
90 221 50
90 243 50
90 248 50
90 252 50
90 268 50
90 274 50
90 282 50
90 286 50
90 287 50
90 306 50
90 308 50
90 310 50
90 311 50
90 320 50
90 323 50
90 347 50
91 106 50
91 114 50
91 126 50
91 150 50
91 157 50
91 161 50
91 171 50
91 181 50
91 192 50
91 203 50
91 208 50
91 211 50
91 212 25
91 221 50
91 243 50
91 248 50
91 252 50
91 268 50
91 274 50
91 282 50
91 286 50
91 287 50
91 306 50
91 308 50
91 310 50
91 311 50
91 320 50
91 323 50
91 347 50
92 152 50
92 341 50
93 123 50
93 148 50
93 197 50
93 253 50
93 305 50
93 315 50
94 134 50
94 298 50
95 99 50
95 194 50
95 278 50
96 111 50
96 112 50
96 119 50
96 141 50
96 174 50
96 184 50
96 189 50
96 201 50
96 202 50
96 212 50
96 232 50
96 242 50
96 256 50
96 289 50
96 293 50
96 297 50
96 307 50
96 308 50
96 320 50
97 202 50
98 117 50
98 125 50
98 126 50
98 154 50
98 157 50
98 159 50
98 213 50
98 223 50
98 239 50
98 257 50
98 259 50
98 264 50
98 277 50
98 278 50
98 287 50
98 294 50
98 300 50
98 325 50
98 333 50
98 335 50
99 190 50
99 194 50
99 279 50
99 295 50
99 328 50
100 146 50
100 160 50
101 134 50
101 142 50
101 147 50
101 153 50
101 155 50
101 186 50
101 188 50
101 206 50
101 217 25
101 226 25
101 267 50
101 304 50
101 319 50
101 322 50
101 333 50
101 345 50
101 349 50
101 352 50
102 162 50
102 175 50
103 118 50
103 343 50
104 139 50
105 116 50
105 167 50
105 227 50
105 237 50
106 114 50
106 126 50
106 150 50
106 157 50
106 161 50
106 171 50
106 181 50
106 192 50
106 203 50
106 208 50
106 211 50
106 212 50
106 221 50
106 243 50
106 248 50
106 252 50
106 268 50
106 274 50
106 282 50
106 286 50
106 287 50
106 306 50
106 308 50
106 310 50
106 311 50
106 320 50
106 323 50
106 347 50
107 233 50
109 136 50
109 210 50
109 250 50
109 280 50
109 313 50
110 138 50
110 176 50
110 234 50
110 270 50
110 309 50
111 112 50
111 119 50
111 141 50
111 174 50
111 184 50
111 189 50
111 201 50
111 202 50
111 212 50
111 232 50
111 242 50
111 256 50
111 289 50
111 293 50
111 297 50
111 308 50
111 320 50
112 119 50
112 141 50
112 174 50
112 184 50
112 189 50
112 201 50
112 202 50
112 212 50
112 232 50
112 242 50
112 256 50
112 289 50
112 293 50
112 297 50
112 308 50
112 320 50
113 121 50
113 336 50
114 122 50
114 126 50
114 150 50
114 157 50
114 161 50
114 171 50
114 181 50
114 192 50
114 203 50
114 208 50
114 211 50
114 212 50
114 221 50
114 243 50
114 248 50
114 252 50
114 268 50
114 274 50
114 282 50
114 286 50
114 287 50
114 306 50
114 308 50
114 310 50
114 311 50
114 320 50
114 323 50
114 347 50
115 217 50
115 235 50
115 331 50
116 167 50
116 227 50
116 237 50
117 125 50
117 126 50
117 154 50
117 157 50
117 159 50
117 213 50
117 223 50
117 239 50
117 257 50
117 259 50
117 264 50
117 277 50
117 278 50
117 287 50
117 294 50
117 300 50
117 325 50
117 333 50
117 335 50
118 127 50
118 206 50
118 261 50
118 262 50
119 131 50
119 141 50
119 143 50
119 174 50
119 184 50
119 189 50
119 201 50
119 202 50
119 212 50
119 232 50
119 242 50
119 256 25
119 289 50
119 293 50
119 297 50
119 308 50
119 320 50
119 324 50
120 152 50
120 215 50
120 227 50
120 291 50
120 330 50
121 336 50
122 142 50
122 225 50
122 312 50
123 148 50
123 191 50
123 197 50
123 253 50
123 315 50
124 132 50
124 156 50
124 169 50
124 342 50
125 126 50
125 154 50
125 157 50
125 159 50
125 213 50
125 223 50
125 239 50
125 243 50
125 246 50
125 257 50
125 259 50
125 264 50
125 266 50
125 277 50
125 278 50
125 285 50
125 287 50
125 294 50
125 300 50
125 325 50
125 333 50
125 335 50
126 150 50
126 154 50
126 157 25
126 159 50
126 161 50
126 171 50
126 181 50
126 192 50
126 203 50
126 208 50
126 211 50
126 212 50
126 213 50
126 221 50
126 223 50
126 239 50
126 243 50
126 248 50
126 252 50
126 257 50
126 259 50
126 264 50
126 268 50
126 274 50
126 277 50
126 278 50
126 282 50
126 286 50
126 287 25
126 294 50
126 300 50
126 306 50
126 308 50
126 310 50
126 311 50
126 320 50
126 323 50
126 325 50
126 333 50
126 335 50
126 347 50
127 139 50
127 173 50
127 191 50
127 222 50
127 262 50
127 269 50
127 280 50
127 304 50
127 309 50
127 323 50
127 347 50
128 140 50
128 164 50
128 165 16
128 233 50
128 261 50
128 292 50
128 330 50
129 221 50
129 288 50
129 303 50
129 319 50
130 131 50
130 264 50
130 293 50
130 313 25
131 264 50
131 293 50
132 298 50
132 338 50
133 218 50
133 273 50
133 314 50
133 339 50
134 142 50
134 147 50
134 153 50
134 155 50
134 186 50
134 188 50
134 206 50
134 217 50
134 226 50
134 267 50
134 304 50
134 319 50
134 322 50
134 333 50
134 349 50
134 352 50
135 220 50
136 210 50
136 250 50
136 280 50
136 313 50
137 144 50
137 154 50
137 158 50
137 182 50
137 240 50
137 245 50
137 249 50
137 259 50
137 292 50
137 351 50
138 234 50
139 173 50
139 180 50
139 191 50
139 222 50
139 247 50
139 269 50
139 280 50
139 309 50
139 323 50
139 347 50
140 164 50
140 165 50
140 233 50
140 261 50
140 292 50
140 330 50
141 174 50
141 184 50
141 189 50
141 201 50
141 202 50
141 212 50
141 232 50
141 242 50
141 256 50
141 265 50
141 289 50
141 293 50
141 297 50
141 308 50
141 320 50
141 353 50
142 147 50
142 153 50
142 155 50
142 186 50
142 188 50
142 206 50
142 217 50
142 225 50
142 226 50
142 267 50
142 304 50
142 312 50
142 319 50
142 322 50
142 333 50
142 349 50
142 352 50
143 256 50
144 154 50
144 158 50
144 182 50
144 240 50
144 245 50
144 249 50
144 259 50
144 292 50
144 351 50
145 200 50
145 234 50
147 153 50
147 155 50
147 186 50
147 188 50
147 206 50
147 217 50
147 226 50
147 267 50
147 304 50
147 319 50
147 322 50
147 333 50
147 349 50
147 352 50
148 197 50
148 235 50
148 253 50
148 315 50
148 324 50
149 213 50
150 157 50
150 161 50
150 171 50
150 181 50
150 192 50
150 203 50
150 208 50
150 211 50
150 212 50
150 221 50
150 243 50
150 248 50
150 252 50
150 268 50
150 274 50
150 282 50
150 286 50
150 287 50
150 306 50
150 308 50
150 310 50
150 311 50
150 320 50
150 323 50
150 347 50
151 179 50
151 210 50
151 229 50
151 330 50
152 291 50
152 341 50
153 155 50
153 186 50
153 188 50
153 206 50
153 217 50
153 226 50
153 267 50
153 268 50
153 304 50
153 319 50
153 320 50
153 322 50
153 333 50
153 349 50
153 352 50
154 157 50
154 158 50
154 159 50
154 182 50
154 195 50
154 213 50
154 223 50
154 239 50
154 240 50
154 245 50
154 249 50
154 257 50
154 259 8
154 264 50
154 277 50
154 278 50
154 287 50
154 292 50
154 294 50
154 300 50
154 305 50
154 325 50
154 333 50
154 335 50
154 351 50
155 171 50
155 179 50
155 186 50
155 188 50
155 206 50
155 217 50
155 219 50
155 226 50
155 263 50
155 267 50
155 269 50
155 274 50
155 304 50
155 319 50
155 321 50
155 322 50
155 333 50
155 349 50
155 352 50
156 169 16
156 221 50
156 285 50
156 305 50
156 340 50
156 342 50
156 346 50
157 159 50
157 161 50
157 171 50
157 181 50
157 192 50
157 203 50
157 208 50
157 211 50
157 212 50
157 213 50
157 221 50
157 223 50
157 231 50
157 239 50
157 243 50
157 248 50
157 252 50
157 257 50
157 259 50
157 264 50
157 268 50
157 274 50
157 277 50
157 278 50
157 282 50
157 286 50
157 287 25
157 294 25
157 300 50
157 306 50
157 308 50
157 310 50
157 311 50
157 320 50
157 323 50
157 325 50
157 333 50
157 335 50
157 347 50
158 182 50
158 240 50
158 245 50
158 249 50
158 259 50
158 292 50
158 351 50
159 213 50
159 223 50
159 239 50
159 257 50
159 259 50
159 264 50
159 277 50
159 278 50
159 287 50
159 294 50
159 300 50
159 325 50
159 333 50
159 335 50
160 204 50
160 336 50
161 171 50
161 181 50
161 192 50
161 203 50
161 208 50
161 211 50
161 212 50
161 221 50
161 243 50
161 248 50
161 252 50
161 268 50
161 274 50
161 282 50
161 286 50
161 287 50
161 306 50
161 308 50
161 310 50
161 311 50
161 320 50
161 323 50
161 347 50
162 175 50
162 209 50
162 261 50
162 266 50
163 238 50
163 307 50
164 165 50
164 233 50
164 261 50
164 292 50
164 330 50
165 233 50
165 261 50
165 292 50
165 330 50
166 222 50
166 308 50
167 227 50
167 237 50
168 214 50
168 284 16
168 348 50
169 180 50
169 182 50
169 221 50
169 254 50
169 285 50
169 303 50
169 305 25
169 338 50
169 340 50
169 342 50
169 346 50
170 285 50
171 179 50
171 181 50
171 192 50
171 203 50
171 208 50
171 211 50
171 212 50
171 219 50
171 221 50
171 243 50
171 248 50
171 252 50
171 255 50
171 263 50
171 268 50
171 269 50
171 274 25
171 282 50
171 286 50
171 287 50
171 306 50
171 308 50
171 310 50
171 311 50
171 320 50
171 323 50
171 347 50
172 298 50
172 301 50
173 191 50
173 222 50
173 269 50
173 280 50
173 309 50
173 323 50
173 347 50
174 184 50
174 189 50
174 201 50
174 202 50
174 212 50
174 232 50
174 242 50
174 256 50
174 289 50
174 293 50
174 297 50
174 308 25
174 320 50
177 264 50
178 183 50
178 203 50
178 268 50
179 210 50
179 219 50
179 263 50
179 269 50
179 274 50
180 247 50
180 303 50
181 192 50
181 203 50
181 208 50
181 211 50
181 212 50
181 221 50
181 243 50
181 248 50
181 252 50
181 268 50
181 274 50
181 282 50
181 286 50
181 287 50
181 299 50
181 306 50
181 308 50
181 310 50
181 311 50
181 320 50
181 323 50
181 347 50
182 240 50
182 245 50
182 249 50
182 254 50
182 259 50
182 292 50
182 305 50
182 351 50
184 189 50
184 201 50
184 202 50
184 212 50
184 232 50
184 242 50
184 256 50
184 289 50
184 293 50
184 297 50
184 308 50
184 320 50
185 268 50
186 188 50
186 206 50
186 217 50
186 226 50
186 267 50
186 304 50
186 319 50
186 322 50
186 333 50
186 349 50
186 352 50
187 305 50
188 206 50
188 217 50
188 226 50
188 267 50
188 304 50
188 319 50
188 322 50
188 333 50
188 349 50
188 352 50
189 201 50
189 202 50
189 212 50
189 232 50
189 234 50
189 242 50
189 256 50
189 289 50
189 293 50
189 297 50
189 308 50
189 320 50
190 295 50
190 328 50
191 222 50
191 269 50
191 280 50
191 309 50
191 323 50
191 347 50
192 203 50
192 208 50
192 211 50
192 212 50
192 221 50
192 243 50
192 248 50
192 252 50
192 268 50
192 274 50
192 282 50
192 286 50
192 287 50
192 306 50
192 308 50
192 310 50
192 311 50
192 320 50
192 323 50
192 347 50
193 299 50
193 314 50
194 236 50
195 259 50
196 204 50
196 316 50
197 253 50
197 315 50
198 247 50
198 289 50
199 221 50
201 202 50
201 212 50
201 232 50
201 242 50
201 256 50
201 289 50
201 293 50
201 297 25
201 308 50
201 320 50
202 212 50
202 232 50
202 242 50
202 256 50
202 281 50
202 289 50
202 293 50
202 297 50
202 308 50
202 320 50
203 208 50
203 211 50
203 212 50
203 221 50
203 243 50
203 248 50
203 252 50
203 268 25
203 274 50
203 282 50
203 286 50
203 287 50
203 306 50
203 308 50
203 310 50
203 311 50
203 320 50
203 323 50
203 347 50
204 316 50
204 336 50
205 230 50
205 317 50
205 321 50
206 217 50
206 226 50
206 261 50
206 267 50
206 304 50
206 319 50
206 322 50
206 333 50
206 349 50
206 352 50
208 211 50
208 212 50
208 221 50
208 243 50
208 248 50
208 252 50
208 268 50
208 274 50
208 282 50
208 286 50
208 287 50
208 306 50
208 308 50
208 310 50
208 311 50
208 320 50
208 323 50
208 347 50
209 251 50
209 261 50
209 266 50
210 250 25
210 258 50
210 280 50
210 313 50
211 212 50
211 221 50
211 243 50
211 248 50
211 252 50
211 268 50
211 274 50
211 282 50
211 286 50
211 287 50
211 306 50
211 308 50
211 310 50
211 311 50
211 318 50
211 320 50
211 323 50
211 347 50
212 221 50
212 232 50
212 242 50
212 243 50
212 248 50
212 252 50
212 256 50
212 268 50
212 274 50
212 282 50
212 286 50
212 287 50
212 289 50
212 293 50
212 297 50
212 306 50
212 308 25
212 310 50
212 311 50
212 320 25
212 323 50
212 347 50
213 223 50
213 239 50
213 257 50
213 259 50
213 264 50
213 277 50
213 278 50
213 287 50
213 294 50
213 300 50
213 325 50
213 333 50
213 335 50
214 284 50
215 227 50
215 229 50
215 330 50
215 337 50
216 318 50
217 226 25
217 235 50
217 267 50
217 304 50
217 319 50
217 322 50
217 331 50
217 333 50
217 345 50
217 349 50
217 352 50
218 314 50
218 339 25
219 263 50
219 269 50
219 274 50
219 344 50
220 326 50
221 243 50
221 248 50
221 252 50
221 268 50
221 274 50
221 282 50
221 285 50
221 286 25
221 287 50
221 288 50
221 303 50
221 305 50
221 306 50
221 308 50
221 310 50
221 311 50
221 319 50
221 320 50
221 323 50
221 340 50
221 346 50
221 347 50
222 269 50
222 280 50
222 308 50
222 309 50
222 323 50
222 347 50
223 239 50
223 257 50
223 259 50
223 264 50
223 277 50
223 278 50
223 287 50
223 294 50
223 300 50
223 325 50
223 332 50
223 333 50
223 335 50
224 300 50
225 312 50
226 267 50
226 304 50
226 319 50
226 322 50
226 333 50
226 345 50
226 349 50
226 352 50
227 237 50
227 251 50
227 330 50
228 283 25
228 290 50
228 303 50
228 354 25
229 275 50
229 330 50
231 263 50
231 294 50
232 242 50
232 256 50
232 289 50
232 293 50
232 297 50
232 308 50
232 320 50
233 261 50
233 292 50
233 330 50
234 244 50
234 281 50
234 333 50
235 324 50
235 331 50
238 307 50
239 257 50
239 259 50
239 264 50
239 277 50
239 278 50
239 287 50
239 294 50
239 300 50
239 325 50
239 333 50
239 335 50
240 245 50
240 249 50
240 259 50
240 292 50
240 351 50
241 249 50
242 256 50
242 289 50
242 293 50
242 297 50
242 308 50
242 320 50
242 323 50
242 329 50
243 246 50
243 248 50
243 252 50
243 266 50
243 268 50
243 274 50
243 282 50
243 285 50
243 286 50
243 287 50
243 306 50
243 308 50
243 310 50
243 311 50
243 320 50
243 323 50
243 347 50
245 249 50
245 259 50
245 292 50
245 351 50
246 266 50
246 285 50
247 289 50
248 252 50
248 268 50
248 274 50
248 276 50
248 282 50
248 286 50
248 287 50
248 306 50
248 308 50
248 310 50
248 311 50
248 320 50
248 323 50
248 347 50
249 259 50
249 292 50
249 351 50
250 258 50
250 280 50
250 313 50
252 268 50
252 274 50
252 282 50
252 286 50
252 287 50
252 306 50
252 308 50
252 310 50
252 311 50
252 320 50
252 323 50
252 347 50
253 315 50
254 305 50
256 289 50
256 293 50
256 297 50
256 308 50
256 320 50
257 259 50
257 264 50
257 277 50
257 278 50
257 287 50
257 294 50
257 300 50
257 324 50
257 325 50
257 333 50
257 335 50
259 264 50
259 277 50
259 278 50
259 287 50
259 292 50
259 294 50
259 300 50
259 305 50
259 325 50
259 333 50
259 335 50
259 351 50
260 302 50
261 266 50
261 292 50
261 330 50
262 271 50
262 353 50
263 269 50
263 274 50
264 277 50
264 278 50
264 287 50
264 293 50
264 294 50
264 300 50
264 325 50
264 333 50
264 335 50
265 338 50
265 353 50
266 285 50
267 304 50
267 319 50
267 322 50
267 333 50
267 349 50
267 352 50
268 274 50
268 282 50
268 286 50
268 287 50
268 306 50
268 308 50
268 310 50
268 311 50
268 320 25
268 323 50
268 347 50
269 274 50
269 280 50
269 309 50
269 323 50
269 347 50
270 309 50
274 282 50
274 286 50
274 287 50
274 306 50
274 308 50
274 310 50
274 311 50
274 320 50
274 323 50
274 347 50
275 330 50
277 278 50
277 287 50
277 294 50
277 300 50
277 325 50
277 333 50
277 335 50
278 287 50
278 294 50
278 300 50
278 325 50
278 333 50
278 335 50
280 309 50
280 313 50
280 323 50
280 347 50
282 286 50
282 287 50
282 306 50
282 308 50
282 310 50
282 311 50
282 320 50
282 323 50
282 347 50
283 290 50
283 303 50
283 354 25
284 348 50
285 302 25
285 305 50
285 340 50
285 346 50
286 287 50
286 306 50
286 308 50
286 310 50
286 311 50
286 320 50
286 323 50
286 347 50
287 294 50
287 300 50
287 306 50
287 308 50
287 310 50
287 311 50
287 320 50
287 323 50
287 325 50
287 333 50
287 335 50
287 347 50
288 303 50
288 319 50
289 293 50
289 297 50
289 308 50
289 320 50
290 303 50
290 354 50
291 328 50
292 330 50
292 351 50
293 297 50
293 308 50
293 320 50
294 300 50
294 325 50
294 333 50
294 335 50
295 328 50
296 326 50
297 308 50
297 320 50
298 338 50
299 314 50
300 325 50
300 333 50
300 335 50
303 319 50
303 354 50
304 319 50
304 322 50
304 333 50
304 349 50
304 352 50
305 340 50
305 346 50
306 308 50
306 310 50
306 311 50
306 320 50
306 323 50
306 347 50
307 341 50
308 310 50
308 311 50
308 320 25
308 323 50
308 347 50
309 323 50
309 333 50
309 347 50
310 311 50
310 320 50
310 323 50
310 347 50
311 320 50
311 323 50
311 347 50
314 339 50
317 321 50
319 322 50
319 333 50
319 339 50
319 349 50
319 352 50
320 323 50
320 347 50
320 349 50
322 333 50
322 349 50
322 352 50
323 329 50
323 347 25
325 333 50
325 335 50
333 335 50
333 349 50
333 352 50
340 346 50
349 352 50
